<?xml version="1.0"?>
<opencv_storage>
<calibration_time>"Fri Nov 13 18:33:24 2020"</calibration_time>
<nr_of_frames>17</nr_of_frames>
<image_width>1920</image_width>
<image_height>1080</image_height>
<board_width>7</board_width>
<board_height>7</board_height>
<square_size>50.</square_size>
<fix_aspect_ratio>1.</fix_aspect_ratio>
<!-- flags: +fix_aspectRatio +fix_principal_point +zero_tangent_dist +fix_k4 +fix_k5 -->
<flags>6158</flags>
<fisheye_model>0</fisheye_model>
<camera_matrix type_id="opencv-matrix">
  <rows>3</rows>
  <cols>3</cols>
  <dt>d</dt>
  <data>
    3.9550759153736367e+03 0. 960. 0. 3.9550759153736367e+03 540. 0. 0.
    1.</data></camera_matrix>
<distortion_coefficients type_id="opencv-matrix">
  <rows>5</rows>
  <cols>1</cols>
  <dt>d</dt>
  <data>
    -3.3844078846890269e-01 1.0191837612877475e+00 0. 0.
    -9.1647328874006231e+00</data></distortion_coefficients>
<avg_reprojection_error>2.2985611851101465e-01</avg_reprojection_error>
<per_view_reprojection_errors type_id="opencv-matrix">
  <rows>17</rows>
  <cols>1</cols>
  <dt>f</dt>
  <data>
    1.55403271e-01 2.34915733e-01 1.52037561e-01 1.83232382e-01
    1.03180937e-01 9.52617899e-02 1.24411717e-01 1.74412712e-01
    2.09477425e-01 3.53928924e-01 4.15649831e-01 2.88403600e-01
    8.84695649e-02 4.11269993e-01 2.16911376e-01 1.69404417e-01
    1.36838362e-01</data></per_view_reprojection_errors>
<!-- a set of 6-tuples (rotation vector + translation vector) for each view -->
<extrinsic_parameters type_id="opencv-matrix">
  <rows>17</rows>
  <cols>6</cols>
  <dt>d</dt>
  <data>
    2.3051630148044291e-01 -3.1724395562060420e-01
    1.9703875083538688e-01 -2.0037854820173558e+02
    -1.3353509940429058e+02 1.3857630024754649e+03
    2.9425778871980429e-01 -3.1260369425064022e-01
    1.4317868794338864e-01 -1.9918338105134788e+02
    -1.6105797285365827e+02 1.4606750980378715e+03
    2.7751291020703361e-01 -2.9819673964910132e-01
    6.6750492504299139e-02 -1.4066451093070776e+02
    -1.5316282470563536e+02 1.4756453422172792e+03
    2.9421320217161923e-01 -2.8614109288833095e-01
    4.3460133669730415e-02 -8.8907429134003621e+01
    -1.3955943096889902e+02 1.4945937199128437e+03
    2.7965737384983430e-01 -2.5536758059316561e-01
    -5.4753238767959143e-03 -3.1756905938616549e+00
    -1.3067923983323428e+02 1.5065150825218734e+03
    2.9907565949529885e-01 -2.6624954179296972e-01
    8.1829842543385267e-02 -7.3324409185667037e+01
    -1.4746918127081688e+02 1.4875972629508335e+03
    3.0113036187430531e-01 -2.4048562701227111e-01
    1.6929469136695305e-01 -5.7472979300138633e+01
    -1.4131528822629400e+02 1.4974954512735226e+03
    3.6896254123860844e-01 -1.8707621974781460e-01
    1.6653612448834573e-01 -1.5946321768373045e+02
    -1.5059119273708578e+02 1.3505812874413632e+03
    3.6311740737597453e-01 -2.4719734386032541e-01
    1.6218995544912385e-01 -2.0881817249884276e+02
    -1.4920237950765613e+02 1.3338974721851766e+03
    3.7863462114160573e-01 -2.8503397864391222e-01
    -1.6384998020978567e-03 -1.1854500934991967e+02
    -1.4452847111401815e+02 1.4227999181051034e+03
    3.4975661752478060e-01 -2.7607667021526094e-01
    -5.6942786233065232e-03 -1.1756340668850281e+02
    -1.4571980371666658e+02 1.4305254369032357e+03
    3.1937144684558355e-01 -2.9645819819779584e-01
    5.0132128615548333e-02 -1.1844864889854558e+02
    -1.2712638841865774e+02 1.3946813138335783e+03
    -3.2674391940658476e-01 -1.6535195430435873e-01
    1.1304694551416110e-01 -2.0327265553245688e+01
    -1.7226439340325638e+02 1.6819591548716658e+03
    -3.2620896891242201e-01 -1.5262209731548343e-01
    1.0893702653884939e-01 -3.0220371914688407e+01
    -1.6698061488252702e+02 1.6909636989373125e+03
    -3.4245704927994225e-01 -1.4313350615508963e-01
    1.1785795097099912e-01 3.5952206173344486e+01
    -1.4931276132337632e+02 1.6682532507151275e+03
    -3.4409393662685134e-01 -2.7484737408579402e-01
    1.2742339521305160e-01 -1.7675020464282372e+02
    -1.7139721506726579e+02 1.6841789871619096e+03
    -3.4273561589968682e-01 -1.6904294048388016e-01
    9.8063421413351781e-02 -3.2301025747517493e+00
    -1.6032145421418161e+02 1.6953086594730382e+03</data></extrinsic_parameters>
